1
1
1.00005
1.00015
1.0003
1.0005
1.00075
1.00105
1.0014
1.0018
1.00225
1.00275
1.0033
1.00391
1.00456
1.00526
1.00602
1.00682
1.00768
1.00858
1.00954
1.01055
1.01161
1.01273
1.01389
1.01511
1.01638
1.0177
1.01907
1.0205
1.02198
1.02351
1.0251
1.02674
1.02843
1.03018
1.03198
1.03384
1.03575
1.03772
1.03974
1.04182
1.04396
1.04615
1.0484
1.05071
1.05307
1.05549
1.05797
1.06051
1.06311
1.06577
1.06849
1.07126
1.0741
1.077
1.07997
1.08299
1.08608
1.08923
1.09244
1.09572
1.09906
1.10246
1.10594
1.10948
1.11308
1.11676
1.1205
1.12431
1.12819
1.13213
1.13615
1.14024
1.14441
1.14864
1.15295
1.15733
1.16178
1.16631
1.17092
1.17561
1.18037
1.18521
1.19012
1.19512
1.2002
1.20536
1.21061
1.21593
1.22134
1.22684
1.23242
1.23809
1.24385
1.24969
1.25563
1.26166
1.26778
1.27399
1.2803
1.2867
1.29319
1.29979
1.30648
1.31328
1.32017
1.32717
1.33427
1.34147
1.34879
1.3562
1.36373
1.37137
1.37912
1.38698
1.39495
1.40304
1.41125
1.41958
1.42802
1.43659
1.44528
1.4541
1.46304
1.47211
1.48131
1.49065
1.50011
1.50971
1.51945
1.52933
1.53934
1.5495
1.55981
1.57026
1.58086
1.59161
1.60251
1.61357
1.62478
1.63615
1.64769
1.65939
1.67125
1.68329
1.69549
1.70787
1.72042
1.73315
1.74606
1.75916
1.77244
1.78591
1.79957
1.81343
1.82748
1.84174
1.85619
1.87086
1.88573
1.90082
1.91612
1.93164
1.94738
1.96335
1.97955
1.99598
2.01265
2.02955
2.0467
2.0641
2.08175
2.09965
2.11781
2.13624
2.15493
2.17389
2.19313
2.21265
2.23245
2.25255
2.27293
2.29361
2.3146
2.3359
2.3575
2.37943
2.40167
2.42425
2.44716
2.47041
2.494
2.51794
2.54224
2.5669
2.59193
2.61733
2.64311
2.66928
