1
1.00005
1.00015
1.0003
1.0005
1.00075
1.00105
1.0014
1.0018
1.00225
1.00275
1.00331
1.00391
1.00456
1.00527
1.00602
1.00683
1.00768
1.00859
1.00955
1.01056
1.01162
1.01274
1.0139
1.01512
1.01639
1.01771
1.01909
1.02052
1.022
1.02353
1.02512
1.02677
1.02846
1.03021
1.03202
1.03388
1.0358
1.03777
1.0398
1.04188
1.04402
1.04622
1.04847
1.05078
1.05315
1.05558
1.05807
1.06061
1.06322
1.06588
1.06861
1.07139
1.07424
1.07715
1.08012
1.08315
1.08625
1.08941
1.09263
1.09592
1.09927
1.10269
1.10617
1.10972
1.11334
1.11703
1.12078
1.12461
1.1285
1.13246
1.1365
1.14061
1.14478
1.14904
1.15336
1.15776
1.16223
1.16678
1.17141
1.17612
1.1809
1.18576
1.1907
1.19572
1.20083
1.20601
1.21128
1.21664
1.22207
1.2276
1.23321
1.23891
1.2447
1.25057
1.25654
1.2626
1.26876
1.275
1.28135
1.28779
1.29432
1.30096
1.30769
1.31453
1.32146
1.32851
1.33565
1.3429
1.35026
1.35773
1.36531
1.373
1.3808
1.38871
1.39674
1.40489
1.41316
1.42155
1.43006
1.43869
1.44744
1.45633
1.46534
1.47448
1.48376
1.49316
1.5027
1.51238
1.5222
1.53216
1.54226
1.55251
1.5629
1.57344
1.58414
1.59498
1.60598
1.61714
1.62846
1.63994
1.65158
1.66339
1.67537
1.68752
1.69985
1.71235
1.72503
1.73789
1.75093
1.76416
1.77758
1.7912
1.805
1.81901
1.83322
1.84763
1.86225
1.87708
1.89212
1.90738
1.92286
1.93856
1.95449
1.97065
1.98704
2.00367
2.02054
2.03766
2.05502
2.07264
2.09052
2.10865
2.12705
2.14572
2.16466
2.18388
2.20338
2.22316
2.24324
2.26361
2.28428
2.30526
2.32655
2.34815
2.37008
2.39232
2.4149
2.43782
2.46108
2.48468
2.50864
2.53295
2.55764
2.58269
2.60812
2.63393
2.66013
2.68673
2.71373
