1
1.00002
1.0001
1.00023
1.0004
1.00063
1.0009
1.00123
1.0016
1.00203
1.0025
1.00303
1.00361
1.00423
1.00491
1.00564
1.00642
1.00725
1.00813
1.00907
1.01005
1.01109
1.01217
1.01331
1.0145
1.01575
1.01704
1.01839
1.01979
1.02125
1.02276
1.02432
1.02593
1.0276
1.02932
1.0311
1.03293
1.03482
1.03676
1.03876
1.04081
1.04292
1.04509
1.04731
1.04959
1.05193
1.05432
1.05678
1.05929
1.06186
1.06449
1.06719
1.06994
1.07275
1.07562
1.07856
1.08156
1.08461
1.08774
1.09092
1.09417
1.09749
1.10087
1.10431
1.10783
1.1114
1.11505
1.11876
1.12255
1.1264
1.13032
1.13431
1.13837
1.14251
1.14671
1.15099
1.15535
1.15977
1.16428
1.16886
1.17351
1.17824
1.18305
1.18794
1.19291
1.19797
1.2031
1.20831
1.21361
1.21899
1.22446
1.23001
1.23565
1.24138
1.2472
1.25311
1.2591
1.26519
1.27138
1.27765
1.28402
1.29049
1.29706
1.30372
1.31049
1.31735
1.32432
1.33139
1.33857
1.34585
1.35324
1.36073
1.36834
1.37606
1.38389
1.39184
1.3999
1.40808
1.41637
1.42479
1.43333
1.44199
1.45078
1.45969
1.46873
1.4779
1.48721
1.49664
1.50621
1.51592
1.52577
1.53576
1.54589
1.55616
1.56659
1.57716
1.58788
1.59875
1.60978
1.62097
1.63231
1.64382
1.65549
1.66733
1.67933
1.69151
1.70386
1.71639
1.72909
1.74198
1.75505
1.76831
1.78175
1.79539
1.80922
1.82325
1.83748
1.85192
1.86656
1.88141
1.89647
1.91175
1.92725
1.94298
1.95893
1.9751
1.99152
2.00816
2.02505
2.04219
2.05957
2.0772
2.09509
2.11324
2.13165
2.15033
2.16928
2.18851
2.20802
2.22781
2.2479
2.26827
2.28895
2.30993
2.33123
2.35283
2.37475
2.397
2.41958
2.44249
2.46574
2.48934
2.51329
2.5376
2.56227
2.58731
2.61272
2.63852
2.6647
2.69128
