1
1.00003
1.0001
1.00023
1.0004
1.00063
1.0009
1.00123
1.0016
1.00203
1.0025
1.00303
1.00361
1.00423
1.00491
1.00564
1.00642
1.00725
1.00813
1.00907
1.01005
1.01109
1.01217
1.01331
1.0145
1.01575
1.01704
1.01839
1.01979
1.02125
1.02276
1.02432
1.02593
1.0276
1.02932
1.0311
1.03293
1.03482
1.03676
1.03876
1.04081
1.04292
1.04509
1.04731
1.04959
1.05193
1.05432
1.05678
1.05929
1.06186
1.06449
1.06719
1.06994
1.07275
1.07562
1.07856
1.08156
1.08461
1.08774
1.09092
1.09417
1.09749
1.10087
1.10431
1.10783
1.11141
1.11505
1.11876
1.12255
1.1264
1.13032
1.13431
1.13837
1.14251
1.14671
1.15099
1.15535
1.15977
1.16428
1.16886
1.17351
1.17824
1.18305
1.18795
1.19292
1.19797
1.2031
1.20831
1.21361
1.21899
1.22446
1.23001
1.23565
1.24138
1.2472
1.25311
1.2591
1.26519
1.27138
1.27765
1.28403
1.29049
1.29706
1.30372
1.31049
1.31735
1.32432
1.33139
1.33857
1.34585
1.35324
1.36074
1.36834
1.37606
1.38389
1.39184
1.3999
1.40808
1.41637
1.42479
1.43333
1.44199
1.45078
1.45969
1.46873
1.4779
1.48721
1.49664
1.50622
1.51592
1.52577
1.53576
1.54589
1.55617
1.56659
1.57716
1.58788
1.59875
1.60978
1.62097
1.63232
1.64382
1.65549
1.66733
1.67934
1.69152
1.70387
1.71639
1.7291
1.74198
1.75505
1.76831
1.78176
1.79539
1.80923
1.82326
1.83749
1.85192
1.86657
1.88142
1.89648
1.91176
1.92726
1.94298
1.95893
1.97511
1.99152
2.00817
2.02506
2.04219
2.05958
2.07721
2.0951
2.11325
2.13166
2.15034
2.16929
2.18852
2.20803
2.22782
2.24791
2.26829
2.28897
2.30995
2.33124
2.35284
2.37477
2.39702
2.41959
2.44251
2.46576
2.48936
2.51331
2.53762
2.56229
2.58733
2.61274
2.63854
2.66472
2.6913
