1.41421
1.52717
1.6362
1.74146
1.84311
1.94132
2.03622
2.12796
2.21668
2.30251
2.38558
2.46602
2.54393
2.61944
2.69266
2.76369
2.83263
2.89959
2.96465
3.0279
3.08944
3.14933
3.20767
3.26453
3.31998
3.37408
3.42691
3.47853
3.52899
3.57836
3.62669
3.67403
3.72042
3.76593
3.81058
3.85442
3.8975
3.93985
3.9815
4.02249
4.06284
4.1026
4.14179
4.18043
4.21855
4.25617
4.29331
4.33
4.36625
4.40208
4.43751
4.47255
4.50722
4.54153
4.57549
4.60911
4.64241
4.67539
4.70806
4.74043
4.77251
4.80431
4.83582
4.86707
4.89804
4.92876
4.95921
4.98941
5.01936
5.04907
5.07853
5.10775
5.13673
5.16547
5.19399
5.22227
5.25033
5.27816
5.30577
5.33316
5.36032
5.38728
5.41402
5.44054
5.46686
5.49297
5.51888
5.54459
5.5701
5.59541
5.62054
5.64547
5.67022
5.69478
5.71917
5.74339
5.76743
5.79131
5.81503
5.83859
5.862
5.88525
5.90837
5.93134
5.95418
5.97689
5.99948
6.02194
6.04429
6.06653
6.08867
6.1107
6.13263
6.15447
6.17623
6.19789
6.21948
6.24099
6.26243
6.28379
6.30509
6.32631
6.34748
6.36857
6.38961
6.41058
6.43148
6.45232
6.47309
6.49379
6.51442
6.53496
6.55542
6.57579
6.59606
6.61623
6.63627
6.65619
6.67596
6.69558
6.71504
6.7343
6.75336
6.77219
6.79078
6.8091
6.82712
6.84483
6.86218
6.87914
6.89569
