1.41421
1.52878
1.63911
1.7454
1.84784
1.9466
2.04188
2.13383
2.22262
2.3084
2.39132
2.47152
2.54913
2.62429
2.69712
2.76773
2.83623
2.90274
2.96735
3.03016
3.09127
3.15075
3.2087
3.26518
3.32029
3.37408
3.42663
3.478
3.52824
3.57743
3.6256
3.67281
3.71911
3.76455
3.80916
3.85299
3.89608
3.93845
3.98015
4.02121
4.06165
4.1015
4.14079
4.17955
4.21779
4.25553
4.29281
4.32962
4.366
4.40196
4.43751
4.47267
4.50744
4.54185
4.5759
4.60961
4.64298
4.67602
4.70874
4.74115
4.77326
4.80507
4.83659
4.86782
4.89878
4.92946
4.95988
4.99003
5.01992
5.04956
5.07895
5.10809
5.13699
5.16565
5.19408
5.22227
5.25024
5.27798
5.30551
5.33281
5.3599
5.38678
5.41346
5.43993
5.4662
5.49227
5.51815
5.54383
5.56933
5.59465
5.61979
5.64475
5.66953
5.69415
5.7186
5.74289
5.76702
5.79099
5.81481
5.83847
5.862
5.88538
5.90862
5.93172
5.95469
5.97753
6.00024
6.02282
6.04529
6.06763
6.08986
6.11198
6.13398
6.15587
6.17765
6.19933
6.2209
6.24237
6.26374
6.28501
6.30618
6.32725
6.34823
6.36911
6.38989
6.41058
6.43117
6.45167
6.47207
6.49238
6.51259
6.5327
6.55272
6.57264
6.59247
6.61219
6.63182
6.65134
6.67076
6.69008
6.7093
6.72841
6.74742
6.76633
6.78512
6.80382
6.8224
6.84088
6.85926
6.87753
6.89569
6.91376
6.93172
6.94959
6.96736
6.98505
7.00264
7.02016
7.0376
7.05497
7.07228
7.08954
7.10676
7.12394
7.14111
7.15827
7.17544
7.19263
7.20987
7.22717
7.24456
7.26205
7.27968
7.29747
7.31545
7.33365
